{
 "cells": [
  {
   "cell_type": "code",
   "execution_count": 1,
   "id": "2a228f03-121a-4547-bd03-244b638474a3",
   "metadata": {},
   "outputs": [
    {
     "name": "stdout",
     "output_type": "stream",
     "text": [
      "Jupyter environment detected. Enabling Open3D WebVisualizer.\n",
      "[Open3D INFO] WebRTC GUI backend enabled.\n",
      "[Open3D INFO] WebRTCWindowSystem: HTTP handshake server disabled.\n"
     ]
    }
   ],
   "source": [
    "import numpy as np\n",
    "import open3d as o3d"
   ]
  },
  {
   "cell_type": "code",
   "execution_count": 22,
   "id": "c40bbd8e-700b-47a9-bb2c-2c81b600de25",
   "metadata": {},
   "outputs": [],
   "source": [
    "# mask_indices_path = \"/home/papjuli/code/ETH/3DV_project/CityMagic3D/outputs/2024-05-13/09-34-13/Instance_Masks_test__Real_World__WMSC/DJI_0029 (3).JPG__mask_indices.npz\"\n",
    "# mask_indices_path = \"/home/papjuli/code/ETH/3DV_project/CityMagic3D/outputs/2024-05-13/11-05-05/Instance_Masks_test__Real_World__WMSC/DJI_0014 (3).JPG__mask_indices.npz\"\n",
    "mask_indices_path = \"/home/papjuli/code/ETH/3DV_project/CityMagic3D/outputs/2024-05-13/11-05-05/Instance_Masks_test__Real_World__WMSC/DJI_0341.JPG__mask_indices.npz\"\n",
    "mask_indices = np.load(mask_indices_path)"
   ]
  },
  {
   "cell_type": "code",
   "execution_count": 23,
   "id": "1427c195-7f79-4c9d-95b1-39270d69c195",
   "metadata": {},
   "outputs": [],
   "source": [
    "mask_indices_ls = [mask_indices[k] for k in mask_indices]"
   ]
  },
  {
   "cell_type": "code",
   "execution_count": 24,
   "id": "7d12532e-ead9-4485-a721-82e7a48ba700",
   "metadata": {},
   "outputs": [
    {
     "data": {
      "text/plain": [
       "array([ 918545,  918566,  918567,  918572,  918576,  918577,  918578,\n",
       "        918581,  918582,  918583,  918584,  918746,  918747,  918748,\n",
       "        918749,  918750,  918751,  918752,  918755,  918758,  918759,\n",
       "        919608,  919610,  919642,  919643,  919646,  919648,  919673,\n",
       "        919674,  919733,  919734,  919735,  919736,  919740,  919742,\n",
       "        919744,  919745,  919749,  919756,  919757,  919758,  919759,\n",
       "        919760,  919761,  919762,  919763,  919764,  919771,  919772,\n",
       "        919776,  919778,  919787,  919797,  919853,  919875,  920369,\n",
       "        920370,  920371,  920372,  920378,  920379,  920380,  920381,\n",
       "        920382,  920393,  920394,  920395,  920396,  920397,  920398,\n",
       "        920399,  920400,  920401,  920402,  920409,  920410,  920411,\n",
       "        920412,  920413,  920414,  920415,  920416,  920417,  920418,\n",
       "        920419,  920420,  920421, 1075613, 1075614, 1075616, 1075619,\n",
       "       1075623, 1075688, 1085572, 1085588, 1085589, 1085590, 1085592,\n",
       "       1085593, 1085595, 1085596, 1085597, 1085769, 1085770, 1085907,\n",
       "       1085909, 1085910, 1085937, 1085940, 1085941, 1085942, 1085959,\n",
       "       1085960, 1085961, 1085962, 1085963, 1085964, 1085965, 1085967,\n",
       "       1085968, 1085969, 1085970, 1085973, 1085974, 1085975, 1085976,\n",
       "       1085977, 1085978, 1085979, 1085982, 1085983, 1085986, 1085988,\n",
       "       1085995, 1085996, 1085998, 1086001, 1086021, 1086022, 1086023,\n",
       "       1086031, 1086035, 1086036, 1086041, 1086063, 1086064, 1086065,\n",
       "       1086068, 1086069, 1086070, 1086715, 1086716, 1086718, 1086727,\n",
       "       1087909, 1087910, 1087932, 1087941, 1087942, 1087943, 1087944,\n",
       "       1087946, 1088026, 1088027, 1088028])"
      ]
     },
     "execution_count": 24,
     "metadata": {},
     "output_type": "execute_result"
    }
   ],
   "source": [
    "mask_indices_ls[1]"
   ]
  },
  {
   "cell_type": "code",
   "execution_count": 25,
   "id": "0ab48e1b-e3cf-4440-a4b7-55ccda842bc7",
   "metadata": {},
   "outputs": [],
   "source": [
    "import sys\n",
    "sys.path.append(\"/home/papjuli/code/ETH/3DV_project/CityMagic3D\")\n",
    "from processing import BlocksExchange_xml_parser"
   ]
  },
  {
   "cell_type": "code",
   "execution_count": 26,
   "id": "bba03d86-a1d0-4b53-9663-390bb532b140",
   "metadata": {},
   "outputs": [
    {
     "name": "stdout",
     "output_type": "stream",
     "text": [
      "Photogroup Name: Photogroup 1\n",
      "Intrinsic Matrix:\n",
      "[[3.63257427e+03 0.00000000e+00 2.43685440e+03]\n",
      " [0.00000000e+00 3.63257427e+03 1.83817258e+03]\n",
      " [0.00000000e+00 0.00000000e+00 1.00000000e+00]]\n",
      "Image Dimensions: 4864.0 3648.0\n",
      "Photo ID: 0\n",
      "Image Path: DJI_0001 (2).JPG\n",
      "Pose Matrix:\n",
      "[[ 4.54868829e-01 -8.90532417e-01 -6.80899896e-03  1.25889468e+02]\n",
      " [-6.39174697e-01 -3.21136529e-01 -6.98804005e-01  6.68328334e+01]\n",
      " [ 6.20121001e-01  3.22216299e-01 -7.15280785e-01 -1.40798392e+01]\n",
      " [ 0.00000000e+00  0.00000000e+00  0.00000000e+00  1.00000000e+00]]\n",
      "Photo ID: 1\n",
      "Image Path: DJI_0001 (3).JPG\n",
      "Pose Matrix:\n",
      "[[-9.98907361e-01  3.11177434e-02  3.48679069e-02 -8.56967889e+01]\n",
      " [-4.21840098e-03  6.83008232e-01 -7.30398494e-01 -5.85148839e+01]\n",
      " [-4.65434204e-02 -7.29747519e-01 -6.82130683e-01 -1.59914333e+01]\n",
      " [ 0.00000000e+00  0.00000000e+00  0.00000000e+00  1.00000000e+00]]\n",
      "Photo ID: 2\n",
      "Image Path: DJI_0002 (2).JPG\n",
      "Pose Matrix:\n",
      "[[ 4.57341666e-01 -8.89266825e-01 -6.56621723e-03  1.40271263e+02]\n",
      " [-6.36819543e-01 -3.22338731e-01 -7.00398895e-01  7.29956385e+01]\n",
      " [ 6.20724956e-01  3.24503093e-01 -7.13721425e-01 -1.44598502e+01]\n",
      " [ 0.00000000e+00  0.00000000e+00  0.00000000e+00  1.00000000e+00]]\n",
      "Photo ID: 3\n",
      "Image Path: DJI_0002 (3).JPG\n",
      "Pose Matrix:\n",
      "[[-9.98630830e-01  3.19874540e-02  4.13916418e-02 -8.70613397e+01]\n",
      " [-8.35429746e-03  6.83578971e-01 -7.29828744e-01 -7.40211443e+01]\n",
      " [-5.16398193e-02 -7.29175283e-01 -6.82375803e-01 -1.61742807e+01]\n",
      " [ 0.00000000e+00  0.00000000e+00  0.00000000e+00  1.00000000e+00]]\n",
      "Photo ID: 4\n",
      "Image Path: DJI_0003 (2).JPG\n",
      "Pose Matrix:\n",
      "[[ 4.53301261e-01 -8.91338608e-01 -5.78380685e-03  1.55000666e+02]\n",
      " [-6.35765672e-01 -3.18764873e-01 -7.02987173e-01  7.92709984e+01]\n",
      " [ 6.24755934e-01  3.22342118e-01 -7.11179008e-01 -1.47957063e+01]\n",
      " [ 0.00000000e+00  0.00000000e+00  0.00000000e+00  1.00000000e+00]]\n",
      "Photo ID: 5\n",
      "Image Path: DJI_0003 (3).JPG\n",
      "Pose Matrix:\n",
      "[[-9.98334101e-01  3.30983196e-02  4.72601771e-02 -8.83905373e+01]\n",
      " [-1.16647127e-02  6.86404581e-01 -7.27126321e-01 -9.00676034e+01]\n",
      " [-5.65062614e-02 -7.26466278e-01 -6.84875018e-01 -1.63061253e+01]\n",
      " [ 0.00000000e+00  0.00000000e+00  0.00000000e+00  1.00000000e+00]]\n",
      "Photo ID: 6\n",
      "Image Path: DJI_0004 (2).JPG\n",
      "Pose Matrix:\n",
      "[[ 4.60735779e-01 -8.87532101e-01 -3.05132016e-03  1.69716933e+02]\n",
      " [-6.28808710e-01 -3.23997149e-01 -7.06841887e-01  8.54354025e+01]\n",
      " [ 6.26356247e-01  3.27586045e-01 -7.07364995e-01 -1.51770680e+01]\n",
      " [ 0.00000000e+00  0.00000000e+00  0.00000000e+00  1.00000000e+00]]\n",
      "Photo ID: 7\n",
      "Image Path: DJI_0004 (3).JPG\n",
      "Pose Matrix:\n",
      "[[-9.97960253e-01  4.01470393e-02  4.96341581e-02 -8.97942869e+01]\n",
      " [-8.55315255e-03  6.86400349e-01 -7.27173572e-01 -1.05982675e+02]\n",
      " [-6.32627694e-02 -7.26114850e-01 -6.84656882e-01 -1.63830131e+01]\n",
      " [ 0.00000000e+00  0.00000000e+00  0.00000000e+00  1.00000000e+00]]\n",
      "Photo ID: 8\n",
      "Image Path: DJI_0005 (2).JPG\n",
      "Pose Matrix:\n",
      "[[ 4.69334298e-01 -8.83015651e-01 -2.94561886e-03  1.83055598e+02]\n",
      " [-6.20297331e-01 -3.27318269e-01 -7.12807107e-01  9.09636033e+01]\n",
      " [ 6.28455677e-01  3.36371983e-01 -7.01353942e-01 -1.54726496e+01]\n",
      " [ 0.00000000e+00  0.00000000e+00  0.00000000e+00  1.00000000e+00]]\n",
      "Photo ID: 9\n",
      "Image Path: DJI_0005 (3).JPG\n",
      "Pose Matrix:\n",
      "[[-9.98141904e-01  3.98385523e-02  4.61045396e-02 -9.10417919e+01]\n",
      " [-6.27042722e-03  6.85477231e-01 -7.28067062e-01 -1.17236132e+02]\n",
      " [-6.06087499e-02 -7.27003339e-01 -6.83953744e-01 -1.59991864e+01]\n",
      " [ 0.00000000e+00  0.00000000e+00  0.00000000e+00  1.00000000e+00]]\n",
      "Photo ID: 10\n",
      "Image Path: DJI_0005.JPG\n",
      "Pose Matrix:\n",
      "[[ 7.73510697e-01  6.33244334e-01 -2.61307088e-02  1.04666703e+02]\n",
      " [ 4.26856305e-01 -5.50996782e-01 -7.17074781e-01 -4.01391731e+01]\n",
      " [-4.68481479e-01  5.43510956e-01 -6.96506242e-01 -4.83534006e+01]\n",
      " [ 0.00000000e+00  0.00000000e+00  0.00000000e+00  1.00000000e+00]]\n",
      "Photo ID: 11\n",
      "Image Path: DJI_0006 (2).JPG\n",
      "Pose Matrix:\n",
      "[[ 9.95075047e-01 -9.88741752e-02  7.03907201e-03  1.85853035e+02]\n",
      " [-6.50925321e-02 -7.05347018e-01 -7.05867230e-01  9.21455808e+01]\n",
      " [ 7.47570286e-02  7.01932676e-01 -7.08309187e-01 -1.56046143e+01]\n",
      " [ 0.00000000e+00  0.00000000e+00  0.00000000e+00  1.00000000e+00]]\n",
      "Photo ID: 12\n",
      "Image Path: DJI_0006 (3).JPG\n",
      "Pose Matrix:\n",
      "[[-1.24107617e-01 -9.91376922e-01  4.20606545e-02 -8.60170611e+01]\n",
      " [-7.32493590e-01  6.29396071e-02 -6.77858205e-01 -1.16756396e+02]\n",
      " [ 6.69365700e-01 -1.14936526e-01 -7.33988525e-01 -1.60003384e+01]\n",
      " [ 0.00000000e+00  0.00000000e+00  0.00000000e+00  1.00000000e+00]]\n",
      "Photo ID: 13\n",
      "Image Path: DJI_0006.JPG\n",
      "Pose Matrix:\n",
      "[[ 7.77783322e-01  6.27475427e-01 -3.64375073e-02  1.04772574e+02]\n",
      " [ 4.18644906e-01 -5.60425813e-01 -7.14604331e-01 -4.01374434e+01]\n",
      " [-4.68817178e-01  5.40552954e-01 -6.98579242e-01 -4.20696538e+01]\n",
      " [ 0.00000000e+00  0.00000000e+00  0.00000000e+00  1.00000000e+00]]\n",
      "Photo ID: 14\n",
      "Image Path: DJI_0007 (2).JPG\n",
      "Pose Matrix:\n",
      "[[-6.32583369e-02  9.97997171e-01  1.74071009e-04  1.79104877e+02]\n",
      " [ 7.04829305e-01  4.47992905e-02 -7.07960927e-01  9.33544301e+01]\n",
      " [-7.06550801e-01 -4.46617405e-02 -7.06251581e-01 -1.57655732e+01]\n",
      " [ 0.00000000e+00  0.00000000e+00  0.00000000e+00  1.00000000e+00]]\n",
      "Photo ID: 15\n",
      "Image Path: DJI_0007 (3).JPG\n",
      "Pose Matrix:\n",
      "[[ 9.58366645e-01 -2.83950120e-01 -3.00949052e-02 -8.19570069e+01]\n",
      " [-2.28318164e-01 -6.98747856e-01 -6.77954460e-01 -1.11787176e+02]\n",
      " [ 1.71476499e-01  6.56600154e-01 -7.34487609e-01 -1.57465916e+01]\n",
      " [ 0.00000000e+00  0.00000000e+00  0.00000000e+00  1.00000000e+00]]\n",
      "Photo ID: 16\n",
      "Image Path: DJI_0007.JPG\n",
      "Pose Matrix:\n",
      "[[ 7.70251153e-01  6.37090583e-01 -2.87880201e-02  1.04970706e+02]\n",
      " [ 4.30227580e-01 -5.52412650e-01 -7.13963930e-01 -3.98306066e+01]\n",
      " [-4.70762563e-01  5.37546140e-01 -6.99590421e-01 -3.62114353e+01]\n",
      " [ 0.00000000e+00  0.00000000e+00  0.00000000e+00  1.00000000e+00]]\n",
      "Photo ID: 17\n",
      "Image Path: DJI_0008 (2).JPG\n",
      "Pose Matrix:\n",
      "[[-4.86831399e-01  8.73440739e-01  9.82160004e-03  1.69713199e+02]\n",
      " [ 6.10031920e-01  3.48019363e-01 -7.11859241e-01  8.92407397e+01]\n",
      " [-6.25184969e-01 -3.40563941e-01 -7.02253485e-01 -1.56238667e+01]\n",
      " [ 0.00000000e+00  0.00000000e+00  0.00000000e+00  1.00000000e+00]]\n",
      "Photo ID: 18\n",
      "Image Path: DJI_0008 (3).JPG\n",
      "Pose Matrix:\n",
      "[[ 9.99464561e-01 -1.22134421e-02 -3.03549600e-02 -8.19577438e+01]\n",
      " [-2.97798771e-02 -7.23894708e-01 -6.89267444e-01 -9.84054963e+01]\n",
      " [-1.35554669e-02  6.89802351e-01 -7.23870822e-01 -1.54026564e+01]\n",
      " [ 0.00000000e+00  0.00000000e+00  0.00000000e+00  1.00000000e+00]]\n",
      "Photo ID: 19\n",
      "Image Path: DJI_0008.JPG\n",
      "Pose Matrix:\n",
      "[[ 7.67398305e-01  6.40575193e-01 -2.76272365e-02  1.05090944e+02]\n",
      " [ 4.32334962e-01 -5.48788001e-01 -7.15484599e-01 -3.97843751e+01]\n",
      " [-4.73483181e-01  5.37117448e-01 -6.98082033e-01 -3.04163732e+01]\n",
      " [ 0.00000000e+00  0.00000000e+00  0.00000000e+00  1.00000000e+00]]\n",
      "Photo ID: 20\n",
      "Image Path: DJI_0009 (2).JPG\n",
      "Pose Matrix:\n",
      "[[-5.22532668e-01  8.52512805e-01  1.34732427e-02  1.55100475e+02]\n",
      " [ 5.87993515e-01  3.71753552e-01 -7.18375197e-01  8.29836062e+01]\n",
      " [-6.17432780e-01 -3.67452329e-01 -6.95525376e-01 -1.55777988e+01]\n",
      " [ 0.00000000e+00  0.00000000e+00  0.00000000e+00  1.00000000e+00]]\n",
      "Photo ID: 21\n",
      "Image Path: DJI_0009 (3).JPG\n",
      "Pose Matrix:\n",
      "[[ 9.99472186e-01  2.24655686e-02 -2.34658698e-02 -8.03165664e+01]\n",
      " [-5.20152245e-04 -7.11175562e-01 -7.03014259e-01 -8.15189445e+01]\n",
      " [-3.24819682e-02  7.02655405e-01 -7.10788509e-01 -1.52843871e+01]\n",
      " [ 0.00000000e+00  0.00000000e+00  0.00000000e+00  1.00000000e+00]]\n",
      "Photo ID: 22\n",
      "Image Path: DJI_0009.JPG\n",
      "Pose Matrix:\n",
      "[[ 7.61575713e-01  6.47693866e-01 -2.22505858e-02  1.05090752e+02]\n",
      " [ 4.41496698e-01 -5.43645626e-01 -7.13813770e-01 -3.99663950e+01]\n",
      " [-4.74429234e-01  5.33799671e-01 -6.99982009e-01 -2.46265285e+01]\n",
      " [ 0.00000000e+00  0.00000000e+00  0.00000000e+00  1.00000000e+00]]\n",
      "Photo ID: 23\n",
      "Image Path: DJI_0010 (2).JPG\n",
      "Pose Matrix:\n",
      "[[-5.35953038e-01  8.44098819e-01  1.58595196e-02  1.40091560e+02]\n",
      " [ 5.74232802e-01  3.78246038e-01 -7.26076184e-01  7.71235571e+01]\n",
      " [-6.18878850e-01 -3.80035680e-01 -6.87431343e-01 -1.52677956e+01]\n",
      " [ 0.00000000e+00  0.00000000e+00  0.00000000e+00  1.00000000e+00]]\n",
      "Photo ID: 24\n",
      "Image Path: DJI_0010 (3).JPG\n",
      "Pose Matrix:\n",
      "[[ 9.99307367e-01  8.20184939e-03 -3.62976150e-02 -7.87113617e+01]\n",
      " [-1.99046275e-02 -7.06335429e-01 -7.07597391e-01 -6.56548971e+01]\n",
      " [-3.14418987e-02  7.07829776e-01 -7.05682943e-01 -1.51535213e+01]\n",
      " [ 0.00000000e+00  0.00000000e+00  0.00000000e+00  1.00000000e+00]]\n",
      "Photo ID: 25\n",
      "Image Path: DJI_0010.JPG\n",
      "Pose Matrix:\n",
      "[[ 7.63113396e-01  6.45637884e-01 -2.84546518e-02  1.05148225e+02]\n",
      " [ 4.34705297e-01 -5.45385345e-01 -7.16649238e-01 -3.99970961e+01]\n",
      " [-4.78214648e-01  5.34515246e-01 -6.96853071e-01 -1.88403665e+01]\n",
      " [ 0.00000000e+00  0.00000000e+00  0.00000000e+00  1.00000000e+00]]\n",
      "Photo ID: 26\n",
      "Image Path: DJI_0011 (2).JPG\n",
      "Pose Matrix:\n",
      "[[-5.36003492e-01  8.44109138e-01  1.34171456e-02  1.25356833e+02]\n",
      " [ 5.70507362e-01  3.73891492e-01 -7.31249959e-01  7.08757018e+01]\n",
      " [-6.22271329e-01 -3.84297951e-01 -6.81977623e-01 -1.50301160e+01]\n",
      " [ 0.00000000e+00  0.00000000e+00  0.00000000e+00  1.00000000e+00]]\n",
      "Photo ID: 27\n",
      "Image Path: DJI_0011 (3).JPG\n",
      "Pose Matrix:\n",
      "[[ 9.99370521e-01  6.57688742e-03 -3.48612554e-02 -7.75540139e+01]\n",
      " [-2.00743317e-02 -7.05376839e-01 -7.08548189e-01 -5.02087578e+01]\n",
      " [-2.92503638e-02  7.08801989e-01 -7.04800792e-01 -1.50586044e+01]\n",
      " [ 0.00000000e+00  0.00000000e+00  0.00000000e+00  1.00000000e+00]]\n",
      "Photo ID: 28\n",
      "Image Path: DJI_0011.JPG\n",
      "Pose Matrix:\n",
      "[[ 7.59867985e-01  6.49831130e-01 -1.78926999e-02  1.05348963e+02]\n",
      " [ 4.42683517e-01 -5.37407704e-01 -7.17791240e-01 -3.98960513e+01]\n",
      " [-4.76058767e-01  5.37505780e-01 -6.96028439e-01 -1.36195426e+01]\n",
      " [ 0.00000000e+00  0.00000000e+00  0.00000000e+00  1.00000000e+00]]\n",
      "Photo ID: 29\n",
      "Image Path: DJI_0012 (2).JPG\n",
      "Pose Matrix:\n",
      "[[-5.25556303e-01  8.50705600e-01  9.51598966e-03  1.10853595e+02]\n",
      " [ 5.69051860e-01  3.59824685e-01 -7.39395819e-01  6.44874916e+01]\n",
      " [-6.32432252e-01 -3.83179041e-01 -6.73203735e-01 -1.48915419e+01]\n",
      " [ 0.00000000e+00  0.00000000e+00  0.00000000e+00  1.00000000e+00]]\n",
      "Photo ID: 30\n",
      "Image Path: DJI_0012 (3).JPG\n",
      "Pose Matrix:\n",
      "[[ 9.99341378e-01  1.57722047e-02 -3.26809993e-02 -7.62961498e+01]\n",
      " [-1.22378616e-02 -7.01360505e-01 -7.12701675e-01 -3.43105290e+01]\n",
      " [-3.41620389e-02  7.12632219e-01 -7.00705555e-01 -1.50090680e+01]\n",
      " [ 0.00000000e+00  0.00000000e+00  0.00000000e+00  1.00000000e+00]]\n",
      "Photo ID: 31\n",
      "Image Path: DJI_0012.JPG\n",
      "Pose Matrix:\n",
      "[[ 7.60383509e-01  6.48993319e-01 -2.49918262e-02  1.05365582e+02]\n",
      " [ 4.39367080e-01 -5.42354257e-01 -7.16106437e-01 -3.98207303e+01]\n",
      " [-4.78302717e-01  5.33534940e-01 -6.97543532e-01 -1.16739839e+01]\n",
      " [ 0.00000000e+00  0.00000000e+00  0.00000000e+00  1.00000000e+00]]\n",
      "Photo ID: 32\n",
      "Image Path: DJI_0013 (2).JPG\n",
      "Pose Matrix:\n",
      "[[-5.26768891e-01  8.49750862e-01  2.09286496e-02  9.64812646e+01]\n",
      " [ 5.64167463e-01  3.67937492e-01 -7.39146180e-01  5.82625909e+01]\n",
      " [-6.35790538e-01 -3.77551950e-01 -6.73219813e-01 -1.45710361e+01]\n",
      " [ 0.00000000e+00  0.00000000e+00  0.00000000e+00  1.00000000e+00]]\n",
      "Photo ID: 33\n",
      "Image Path: DJI_0013 (3).JPG\n",
      "Pose Matrix:\n",
      "[[ 9.99461121e-01  1.78262221e-02 -2.75625503e-02 -7.50001276e+01]\n",
      " [-7.41604670e-03 -6.95346498e-01 -7.18636383e-01 -1.84339600e+01]\n",
      " [-3.19760946e-02  7.18453530e-01 -6.94839590e-01 -1.49294973e+01]\n",
      " [ 0.00000000e+00  0.00000000e+00  0.00000000e+00  1.00000000e+00]]\n",
      "Photo ID: 34\n",
      "Image Path: DJI_0013.JPG\n",
      "Pose Matrix:\n",
      "[[ 7.69247386e-01  6.38485371e-01 -2.43903854e-02  1.02020741e+02]\n",
      " [ 4.34752327e-01 -5.51000356e-01 -7.12312447e-01 -3.49637490e+01]\n",
      " [-4.68240188e-01  5.37340711e-01 -7.01438584e-01 -1.18785425e+01]\n",
      " [ 0.00000000e+00  0.00000000e+00  0.00000000e+00  1.00000000e+00]]\n",
      "Photo ID: 35\n",
      "Image Path: DJI_0014 (2).JPG\n",
      "Pose Matrix:\n",
      "[[-5.31501817e-01  8.46420260e-01  3.28414603e-02  8.17831027e+01]\n",
      " [ 5.51921886e-01  3.75464529e-01 -7.44586207e-01  5.19911482e+01]\n",
      " [-6.42563654e-01 -3.77623001e-01 -6.66717946e-01 -1.42535269e+01]\n",
      " [ 0.00000000e+00  0.00000000e+00  0.00000000e+00  1.00000000e+00]]\n",
      "Photo ID: 36\n",
      "Image Path: DJI_0014 (3).JPG\n",
      "Pose Matrix:\n",
      "[[ 9.99423389e-01  2.85364786e-02 -1.83999555e-02 -7.37257857e+01]\n",
      " [ 6.28526847e-03 -6.88023717e-01 -7.25660981e-01 -2.58367568e+00]\n",
      " [-3.33674149e-02  7.25126909e-01 -6.87806355e-01 -1.48647748e+01]\n",
      " [ 0.00000000e+00  0.00000000e+00  0.00000000e+00  1.00000000e+00]]\n",
      "Photo ID: 37\n",
      "Image Path: DJI_0014.JPG\n",
      "Pose Matrix:\n",
      "[[ 7.70992488e-01  6.35974724e-01 -3.32676021e-02  9.35037011e+01]\n",
      " [ 4.30268499e-01 -5.58703663e-01 -7.09026964e-01 -2.21330131e+01]\n",
      " [-4.69509959e-01  5.32340462e-01 -7.04396217e-01 -1.22935045e+01]\n",
      " [ 0.00000000e+00  0.00000000e+00  0.00000000e+00  1.00000000e+00]]\n",
      "Photo ID: 38\n",
      "Image Path: DJI_0015 (2).JPG\n",
      "Pose Matrix:\n",
      "[[-5.31774513e-01  8.45996267e-01  3.88095774e-02  6.71788769e+01]\n",
      " [ 5.48445512e-01  3.78935310e-01 -7.45396238e-01  4.57304954e+01]\n",
      " [-6.45308754e-01 -3.75097783e-01 -6.65490996e-01 -1.40394802e+01]\n",
      " [ 0.00000000e+00  0.00000000e+00  0.00000000e+00  1.00000000e+00]]\n",
      "Photo ID: 39\n",
      "Image Path: DJI_0015 (3).JPG\n",
      "Pose Matrix:\n",
      "[[ 9.99438483e-01  2.28007160e-02 -2.45529428e-02 -7.23414036e+01]\n",
      " [-2.13990594e-03 -6.87840655e-01 -7.25858563e-01  1.30995863e+01]\n",
      " [-3.34386072e-02  7.25503522e-01 -6.87405629e-01 -1.48465982e+01]\n",
      " [ 0.00000000e+00  0.00000000e+00  0.00000000e+00  1.00000000e+00]]\n",
      "Photo ID: 40\n",
      "Image Path: DJI_0015.JPG\n",
      "Pose Matrix:\n",
      "[[ 7.72189959e-01  6.34657525e-01 -3.05367512e-02  8.46245528e+01]\n",
      " [ 4.31988746e-01 -5.59631584e-01 -7.07246925e-01 -7.96327743e+00]\n",
      " [-4.65948913e-01  5.32937441e-01 -7.06306798e-01 -1.20422081e+01]\n",
      " [ 0.00000000e+00  0.00000000e+00  0.00000000e+00  1.00000000e+00]]\n",
      "Photo ID: 41\n",
      "Image Path: DJI_0016 (2).JPG\n",
      "Pose Matrix:\n",
      "[[-5.23192309e-01  8.51417746e-01  3.68460317e-02  5.24917615e+01]\n",
      " [ 5.53527075e-01  3.72378140e-01 -7.44944493e-01  3.94124568e+01]\n",
      " [-6.47979618e-01 -3.69353953e-01 -6.66108154e-01 -1.38118644e+01]\n",
      " [ 0.00000000e+00  0.00000000e+00  0.00000000e+00  1.00000000e+00]]\n",
      "Photo ID: 42\n",
      "Image Path: DJI_0016 (3).JPG\n",
      "Pose Matrix:\n",
      "[[ 9.99148788e-01  3.57092431e-02 -2.06530865e-02 -7.10403820e+01]\n",
      " [ 9.27239658e-03 -6.82259484e-01 -7.31051311e-01  2.91156825e+01]\n",
      " [-4.01960532e-02  7.30237527e-01 -6.82009847e-01 -1.48640718e+01]\n",
      " [ 0.00000000e+00  0.00000000e+00  0.00000000e+00  1.00000000e+00]]\n",
      "Photo ID: 43\n",
      "Image Path: DJI_0016.JPG\n",
      "Pose Matrix:\n",
      "[[ 7.69796005e-01  6.37517649e-01 -3.13904018e-02  7.62729708e+01]\n",
      " [ 4.31653280e-01 -5.56184347e-01 -7.10165064e-01  5.13107223e+00]\n",
      " [-4.70201612e-01  5.33132460e-01 -7.03335072e-01 -1.16983985e+01]\n",
      " [ 0.00000000e+00  0.00000000e+00  0.00000000e+00  1.00000000e+00]]\n",
      "Photo ID: 44\n",
      "Image Path: DJI_0017 (2).JPG\n",
      "Pose Matrix:\n",
      "[[ -0.52224344   0.85177187   0.04179076  38.03481433]\n",
      " [  0.55252759   0.37528332  -0.74422825  33.22374618]\n",
      " [ -0.64959607  -0.36557777  -0.66661671 -13.43305747]\n",
      " [  0.           0.           0.           1.        ]]\n",
      "Photo ID: 45\n",
      "Image Path: DJI_0017 (3).JPG\n",
      "Pose Matrix:\n",
      "[[ 9.99195163e-01  2.78377829e-02 -2.88805160e-02 -6.97396841e+01]\n",
      " [-1.85422667e-03 -6.87161050e-01 -7.26502755e-01  4.50389809e+01]\n",
      " [-4.00697916e-02  7.25971590e-01 -6.86556380e-01 -1.47684264e+01]\n",
      " [ 0.00000000e+00  0.00000000e+00  0.00000000e+00  1.00000000e+00]]\n",
      "Photo ID: 46\n",
      "Image Path: DJI_0017.JPG\n",
      "Pose Matrix:\n",
      "[[ 7.63554175e-01  6.45138137e-01 -2.79607953e-02  6.76667544e+01]\n",
      " [ 4.32780567e-01 -5.43394041e-01 -7.19321832e-01  1.80793833e+01]\n",
      " [-4.79255676e-01  5.37140299e-01 -6.94114037e-01 -1.13455923e+01]\n",
      " [ 0.00000000e+00  0.00000000e+00  0.00000000e+00  1.00000000e+00]]\n",
      "Photo ID: 47\n",
      "Image Path: DJI_0018 (2).JPG\n",
      "Pose Matrix:\n",
      "[[ -0.51128552   0.85868579   0.03529643  23.29093897]\n",
      " [  0.55717324   0.36246668  -0.74711169  26.98151725]\n",
      " [ -0.65432797  -0.36232116  -0.66376071 -13.09483513]\n",
      " [  0.           0.           0.           1.        ]]\n",
      "Photo ID: 48\n",
      "Image Path: DJI_0018 (3).JPG\n",
      "Pose Matrix:\n",
      "[[ 9.99100351e-01  2.84726296e-02 -3.14292631e-02 -6.85429395e+01]\n",
      " [-3.14373542e-03 -6.89341839e-01 -7.24429393e-01  6.06750480e+01]\n",
      " [-4.22919158e-02  7.23876466e-01 -6.88632163e-01 -1.46472165e+01]\n",
      " [ 0.00000000e+00  0.00000000e+00  0.00000000e+00  1.00000000e+00]]\n",
      "Photo ID: 49\n",
      "Image Path: DJI_0018.JPG\n",
      "Pose Matrix:\n",
      "[[ 7.63797713e-01  6.44811997e-01 -2.88191445e-02  5.91901391e+01]\n",
      " [ 4.30812515e-01 -5.42540166e-01 -7.21145440e-01  3.08872114e+01]\n",
      " [-4.80638774e-01  5.38393589e-01 -6.92184016e-01 -1.10580283e+01]\n",
      " [ 0.00000000e+00  0.00000000e+00  0.00000000e+00  1.00000000e+00]]\n",
      "Photo ID: 50\n",
      "Image Path: DJI_0019 (2).JPG\n",
      "Pose Matrix:\n",
      "[[ -0.51068594   0.85900792   0.03612832  11.75691092]\n",
      " [  0.55867811   0.36349174  -0.74548811  22.63405067]\n",
      " [ -0.65351254  -0.3605262   -0.66553904 -12.51174989]\n",
      " [  0.           0.           0.           1.        ]]\n",
      "Photo ID: 51\n",
      "Image Path: DJI_0019 (3).JPG\n",
      "Pose Matrix:\n",
      "[[ 9.99202330e-01  2.66595819e-02 -2.97316392e-02 -6.72196252e+01]\n",
      " [-3.09664097e-03 -6.90555382e-01 -7.23272891e-01  7.67027455e+01]\n",
      " [-3.98134963e-02  7.22788027e-01 -6.89921991e-01 -1.45687838e+01]\n",
      " [ 0.00000000e+00  0.00000000e+00  0.00000000e+00  1.00000000e+00]]\n",
      "Photo ID: 52\n",
      "Image Path: DJI_0019.JPG\n",
      "Pose Matrix:\n",
      "[[ 7.63546359e-01  6.45203796e-01 -2.66274050e-02  5.05171900e+01]\n",
      " [ 4.24877057e-01 -5.33004635e-01 -7.31700448e-01  4.40862506e+01]\n",
      " [-4.86288437e-01  5.47373839e-01 -6.81106039e-01 -1.07261051e+01]\n",
      " [ 0.00000000e+00  0.00000000e+00  0.00000000e+00  1.00000000e+00]]\n",
      "Photo ID: 53\n",
      "Image Path: DJI_0020 (2).JPG\n",
      "Pose Matrix:\n",
      "[[  0.92249964   0.38201863  -0.05528275  11.06585167]\n",
      " [  0.22726174  -0.65330111  -0.72218402  25.36953634]\n",
      " [ -0.31200403   0.65365085  -0.68948825 -12.33426335]\n",
      " [  0.           0.           0.           1.        ]]\n",
      "Photo ID: 54\n",
      "Image Path: DJI_0020 (3).JPG\n",
      "Pose Matrix:\n",
      "[[ 9.98654051e-01  4.21649380e-02 -3.02027284e-02 -6.56283089e+01]\n",
      " [ 7.29350884e-03 -6.90701442e-01 -7.23103259e-01  8.98068500e+01]\n",
      " [-5.13506722e-02  7.21909715e-01 -6.90079323e-01 -1.46026401e+01]\n",
      " [ 0.00000000e+00  0.00000000e+00  0.00000000e+00  1.00000000e+00]]\n",
      "Photo ID: 55\n",
      "Image Path: DJI_0020.JPG\n",
      "Pose Matrix:\n",
      "[[ 7.63386374e-01  6.45407231e-01 -2.62821025e-02  4.18020989e+01]\n",
      " [ 4.22919215e-01 -5.30154337e-01 -7.34898440e-01  5.74533103e+01]\n",
      " [-4.88242338e-01  5.49896249e-01 -6.77667717e-01 -1.02332274e+01]\n",
      " [ 0.00000000e+00  0.00000000e+00  0.00000000e+00  1.00000000e+00]]\n",
      "Photo ID: 56\n",
      "Image Path: DJI_0021 (2).JPG\n",
      "Pose Matrix:\n",
      "[[  0.58855927  -0.80749552  -0.03935695  16.89416864]\n",
      " [ -0.61808508  -0.41805619  -0.66573257  29.43072136]\n",
      " [  0.52112266   0.41614902  -0.74515178 -12.27043242]\n",
      " [  0.           0.           0.           1.        ]]\n",
      "Photo ID: 57\n",
      "Image Path: DJI_0021 (3).JPG\n",
      "Pose Matrix:\n",
      "[[ 2.90695861e-01 -9.56815508e-01  1.79226556e-05 -6.39703671e+01]\n",
      " [-6.76557493e-01 -2.05562237e-01 -7.07116769e-01  9.20203897e+01]\n",
      " [ 6.76583975e-01  2.05543793e-01 -7.07096793e-01 -1.04727476e+01]\n",
      " [ 0.00000000e+00  0.00000000e+00  0.00000000e+00  1.00000000e+00]]\n",
      "Photo ID: 58\n",
      "Image Path: DJI_0021.JPG\n",
      "Pose Matrix:\n",
      "[[ 7.52002096e-01  6.59098191e-01 -9.07865739e-03  3.31787552e+01]\n",
      " [ 4.37530456e-01 -5.09409729e-01 -7.40991787e-01  7.07574198e+01]\n",
      " [-4.93011103e-01  5.53255188e-01 -6.71452716e-01 -9.76049152e+00]\n",
      " [ 0.00000000e+00  0.00000000e+00  0.00000000e+00  1.00000000e+00]]\n",
      "Photo ID: 59\n",
      "Image Path: DJI_0022 (2).JPG\n",
      "Pose Matrix:\n",
      "[[  0.45897931  -0.88760332  -0.03870846  29.35494974]\n",
      " [ -0.66922468  -0.31674241  -0.67217005  34.17923473]\n",
      " [  0.58435976   0.3344168   -0.73938425 -12.49812786]\n",
      " [  0.           0.           0.           1.        ]]\n",
      "Photo ID: 60\n",
      "Image Path: DJI_0022 (3).JPG\n",
      "Pose Matrix:\n",
      "[[-8.88235872e-01 -4.59188249e-01  1.35346697e-02 -5.72824591e+01]\n",
      " [-3.43408190e-01  6.44129212e-01 -6.83497164e-01  8.72646146e+01]\n",
      " [ 3.05135790e-01 -6.11754616e-01 -7.29827678e-01 -1.54421062e+01]\n",
      " [ 0.00000000e+00  0.00000000e+00  0.00000000e+00  1.00000000e+00]]\n",
      "Photo ID: 61\n",
      "Image Path: DJI_0022.JPG\n",
      "Pose Matrix:\n",
      "[[ 7.58010748e-01  6.52009855e-01 -1.74027491e-02  2.50758059e+01]\n",
      " [ 4.27677236e-01 -5.16998134e-01 -7.41488443e-01  8.32272369e+01]\n",
      " [-4.92454961e-01  5.54613450e-01 -6.70739915e-01 -9.14762401e+00]\n",
      " [ 0.00000000e+00  0.00000000e+00  0.00000000e+00  1.00000000e+00]]\n",
      "Photo ID: 62\n",
      "Image Path: DJI_0023 (2).JPG\n",
      "Pose Matrix:\n",
      "[[ 4.41672239e-01 -8.96269845e-01 -4.03236675e-02  4.49094920e+01]\n",
      " [-6.66071741e-01 -2.97459188e-01 -6.84007652e-01  4.05775044e+01]\n",
      " [ 6.01060786e-01  3.28965646e-01 -7.28359482e-01 -1.28983410e+01]\n",
      " [ 0.00000000e+00  0.00000000e+00  0.00000000e+00  1.00000000e+00]]\n",
      "Photo ID: 63\n",
      "Image Path: DJI_0023 (3).JPG\n",
      "Pose Matrix:\n",
      "[[-9.98873855e-01 -4.45658888e-02  1.62758546e-02 -5.92044883e+01]\n",
      " [-4.33955771e-02  7.19506529e-01 -6.93128544e-01  7.54433660e+01]\n",
      " [ 1.91793060e-02 -6.93054281e-01 -7.20630223e-01 -1.55626415e+01]\n",
      " [ 0.00000000e+00  0.00000000e+00  0.00000000e+00  1.00000000e+00]]\n",
      "Photo ID: 64\n",
      "Image Path: DJI_0023.JPG\n",
      "Pose Matrix:\n",
      "[[ 6.16728109e-01  7.87131137e-01 -8.42687004e-03  2.43601761e+01]\n",
      " [ 5.25757270e-01 -4.19858188e-01 -7.39796184e-01  8.54286152e+01]\n",
      " [-5.85854702e-01  4.51822614e-01 -6.72778265e-01 -8.71049292e+00]\n",
      " [ 0.00000000e+00  0.00000000e+00  0.00000000e+00  1.00000000e+00]]\n",
      "Photo ID: 65\n",
      "Image Path: DJI_0024 (2).JPG\n",
      "Pose Matrix:\n",
      "[[ 4.44133297e-01 -8.95164526e-01 -3.77635506e-02  5.94198053e+01]\n",
      " [-6.60313464e-01 -2.98542142e-01 -6.89099933e-01  4.65990369e+01]\n",
      " [ 6.05583804e-01  3.30988006e-01 -7.23681695e-01 -1.32427060e+01]\n",
      " [ 0.00000000e+00  0.00000000e+00  0.00000000e+00  1.00000000e+00]]\n",
      "Photo ID: 66\n",
      "Image Path: DJI_0024 (3).JPG\n",
      "Pose Matrix:\n",
      "[[-9.99943486e-01  7.91204140e-03  7.10103105e-03 -6.09209919e+01]\n",
      " [ 7.09538630e-04  7.16112270e-01 -6.97984752e-01  5.90994478e+01]\n",
      " [-1.06076197e-02 -6.97940267e-01 -7.16077413e-01 -1.57702733e+01]\n",
      " [ 0.00000000e+00  0.00000000e+00  0.00000000e+00  1.00000000e+00]]\n",
      "Photo ID: 67\n",
      "Image Path: DJI_0024.JPG\n",
      "Pose Matrix:\n",
      "[[-9.83112574e-01  1.76183330e-01  4.94883849e-02  2.46934269e+01]\n",
      " [ 9.36205776e-02  7.16563122e-01 -6.91210880e-01  8.50117375e+01]\n",
      " [-1.57241386e-01 -6.74904976e-01 -7.20956600e-01 -9.07892762e+00]\n",
      " [ 0.00000000e+00  0.00000000e+00  0.00000000e+00  1.00000000e+00]]\n",
      "Photo ID: 68\n",
      "Image Path: DJI_0025 (2).JPG\n",
      "Pose Matrix:\n",
      "[[ 4.44686706e-01 -8.94734831e-01 -4.12712433e-02  7.38454695e+01]\n",
      " [-6.58580838e-01 -2.95392495e-01 -6.92108773e-01  5.28897766e+01]\n",
      " [ 6.07062611e-01  3.34952020e-01 -7.20612330e-01 -1.35865606e+01]\n",
      " [ 0.00000000e+00  0.00000000e+00  0.00000000e+00  1.00000000e+00]]\n",
      "Photo ID: 69\n",
      "Image Path: DJI_0025 (3).JPG\n",
      "Pose Matrix:\n",
      "[[-9.99945263e-01 -1.74058300e-04  1.04613673e-02 -6.26518763e+01]\n",
      " [-7.48358211e-03  7.10664991e-01 -7.03490773e-01  4.28890319e+01]\n",
      " [-7.31207907e-03 -7.03530554e-01 -7.10627394e-01 -1.58373853e+01]\n",
      " [ 0.00000000e+00  0.00000000e+00  0.00000000e+00  1.00000000e+00]]\n",
      "Photo ID: 70\n",
      "Image Path: DJI_0025.JPG\n",
      "Pose Matrix:\n",
      "[[-9.98066373e-01  1.32069395e-02  6.07378926e-02  2.36103987e+01]\n",
      " [-3.23598381e-02  7.23893254e-01 -6.89152667e-01  8.02311380e+01]\n",
      " [-5.30693483e-02 -6.89785571e-01 -7.22066140e-01 -9.50547588e+00]\n",
      " [ 0.00000000e+00  0.00000000e+00  0.00000000e+00  1.00000000e+00]]\n",
      "Photo ID: 71\n",
      "Image Path: DJI_0026 (2).JPG\n",
      "Pose Matrix:\n",
      "[[ 4.43532986e-01 -8.95486335e-01 -3.71848605e-02  8.83836444e+01]\n",
      " [-6.57959559e-01 -2.97153455e-01 -6.91945838e-01  5.93108002e+01]\n",
      " [ 6.08578433e-01  3.31366938e-01 -7.20991153e-01 -1.39264548e+01]\n",
      " [ 0.00000000e+00  0.00000000e+00  0.00000000e+00  1.00000000e+00]]\n",
      "Photo ID: 72\n",
      "Image Path: DJI_0026 (3).JPG\n",
      "Pose Matrix:\n",
      "[[-9.99924482e-01  1.61758218e-03  1.21824870e-02 -6.38746883e+01]\n",
      " [-7.44532830e-03  7.08933825e-01 -7.05235705e-01  2.73532150e+01]\n",
      " [-9.77735378e-03 -7.05273150e-01 -7.08868244e-01 -1.59664175e+01]\n",
      " [ 0.00000000e+00  0.00000000e+00  0.00000000e+00  1.00000000e+00]]\n",
      "Photo ID: 73\n",
      "Image Path: DJI_0026.JPG\n",
      "Pose Matrix:\n",
      "[[-9.98049860e-01  1.72400976e-02  5.99937998e-02  2.22596714e+01]\n",
      " [-2.94911761e-02  7.16845681e-01 -6.96607881e-01  6.68500987e+01]\n",
      " [-5.50158841e-02 -6.97018686e-01 -7.14939301e-01 -9.66894520e+00]\n",
      " [ 0.00000000e+00  0.00000000e+00  0.00000000e+00  1.00000000e+00]]\n",
      "Photo ID: 74\n",
      "Image Path: DJI_0027 (2).JPG\n",
      "Pose Matrix:\n",
      "[[ 4.47010343e-01 -8.94154193e-01 -2.58849814e-02  1.02831270e+02]\n",
      " [-6.52098344e-01 -3.05919286e-01 -6.93672213e-01  6.54585667e+01]\n",
      " [ 6.12331203e-01  3.26958208e-01 -7.19825554e-01 -1.42833680e+01]\n",
      " [ 0.00000000e+00  0.00000000e+00  0.00000000e+00  1.00000000e+00]]\n",
      "Photo ID: 75\n",
      "Image Path: DJI_0027 (3).JPG\n",
      "Pose Matrix:\n",
      "[[-9.99722295e-01 -1.27880268e-03  2.35307619e-02 -6.49984456e+01]\n",
      " [-1.76248552e-02  7.03397109e-01 -7.10578547e-01  1.14256847e+01]\n",
      " [-1.56427801e-02 -7.10795943e-01 -7.03224311e-01 -1.60615230e+01]\n",
      " [ 0.00000000e+00  0.00000000e+00  0.00000000e+00  1.00000000e+00]]\n",
      "Photo ID: 76\n",
      "Image Path: DJI_0027.JPG\n",
      "Pose Matrix:\n",
      "[[-9.98151366e-01  4.32355501e-02  4.27146190e-02  2.05587600e+01]\n",
      " [ 1.33105250e-03  7.18190453e-01 -6.95845314e-01  5.04899354e+01]\n",
      " [-6.07624865e-02 -6.94502095e-01 -7.16920330e-01 -9.89276103e+00]\n",
      " [ 0.00000000e+00  0.00000000e+00  0.00000000e+00  1.00000000e+00]]\n",
      "Photo ID: 77\n",
      "Image Path: DJI_0028 (2).JPG\n",
      "Pose Matrix:\n",
      "[[ 4.54527564e-01 -8.90470794e-01 -2.15976288e-02  1.17441477e+02]\n",
      " [-6.46025650e-01 -3.12867198e-01 -6.96250656e-01  7.17346106e+01]\n",
      " [ 6.13233685e-01  3.30417737e-01 -7.17473739e-01 -1.47008757e+01]\n",
      " [ 0.00000000e+00  0.00000000e+00  0.00000000e+00  1.00000000e+00]]\n",
      "Photo ID: 78\n",
      "Image Path: DJI_0028 (3).JPG\n",
      "Pose Matrix:\n",
      "[[-9.99311185e-01 -6.96861157e-06  3.71100451e-02 -6.62177452e+01]\n",
      " [-2.63680907e-02  7.03792343e-01 -7.09916236e-01 -4.47389354e+00]\n",
      " [-2.61128184e-02 -7.10405756e-01 -7.03307744e-01 -1.62380354e+01]\n",
      " [ 0.00000000e+00  0.00000000e+00  0.00000000e+00  1.00000000e+00]]\n",
      "Photo ID: 79\n",
      "Image Path: DJI_0028.JPG\n",
      "Pose Matrix:\n",
      "[[-9.98011912e-01  4.53550523e-02  4.37623542e-02  1.89041795e+01]\n",
      " [ 1.97976191e-03  7.16575977e-01 -6.97506236e-01  3.44331497e+01]\n",
      " [-6.29944835e-02 -6.96032893e-01 -7.15241153e-01 -1.00575562e+01]\n",
      " [ 0.00000000e+00  0.00000000e+00  0.00000000e+00  1.00000000e+00]]\n",
      "Photo ID: 80\n",
      "Image Path: DJI_0029 (2).JPG\n",
      "Pose Matrix:\n",
      "[[ 4.58680519e-01 -8.88527099e-01 -1.14794124e-02  1.32058998e+02]\n",
      " [-6.36195942e-01 -3.19346826e-01 -7.02333488e-01  7.80019830e+01]\n",
      " [ 6.20376422e-01  3.29449844e-01 -7.11755502e-01 -1.50748251e+01]\n",
      " [ 0.00000000e+00  0.00000000e+00  0.00000000e+00  1.00000000e+00]]\n",
      "Photo ID: 81\n",
      "Image Path: DJI_0029 (3).JPG\n",
      "Pose Matrix:\n",
      "[[-9.98693172e-01 -7.32554741e-03  5.05794811e-02 -6.74733015e+01]\n",
      " [-4.13758688e-02  6.96827394e-01 -7.16044426e-01 -2.02562630e+01]\n",
      " [-2.99997506e-02 -7.17201450e-01 -6.96219861e-01 -1.64518980e+01]\n",
      " [ 0.00000000e+00  0.00000000e+00  0.00000000e+00  1.00000000e+00]]\n",
      "Photo ID: 82\n",
      "Image Path: DJI_0029.JPG\n",
      "Pose Matrix:\n",
      "[[-9.97965325e-01  5.49685551e-02  3.23058615e-02  1.73354558e+01]\n",
      " [ 1.64474990e-02  7.11483659e-01 -7.02510130e-01  1.83237501e+01]\n",
      " [-6.16010593e-02 -7.00549400e-01 -7.10940116e-01 -9.88015974e+00]\n",
      " [ 0.00000000e+00  0.00000000e+00  0.00000000e+00  1.00000000e+00]]\n",
      "Photo ID: 83\n",
      "Image Path: DJI_0030 (2).JPG\n",
      "Pose Matrix:\n",
      "[[ 4.62465621e-01 -8.86570028e-01 -1.09148679e-02  1.46819373e+02]\n",
      " [-6.32576160e-01 -3.21297708e-01 -7.04709291e-01  8.42053681e+01]\n",
      " [ 6.21267214e-01  3.32808305e-01 -7.09412208e-01 -1.53767624e+01]\n",
      " [ 0.00000000e+00  0.00000000e+00  0.00000000e+00  1.00000000e+00]]\n",
      "Photo ID: 84\n",
      "Image Path: DJI_0030 (3).JPG\n",
      "Pose Matrix:\n",
      "[[-9.98758611e-01  4.45119148e-03  4.96127377e-02 -6.88430221e+01]\n",
      " [-3.25847217e-02  6.94953129e-01 -7.18316354e-01 -3.62342542e+01]\n",
      " [-3.76758909e-02 -7.19041261e-01 -6.93945381e-01 -1.64726011e+01]\n",
      " [ 0.00000000e+00  0.00000000e+00  0.00000000e+00  1.00000000e+00]]\n",
      "Photo ID: 85\n",
      "Image Path: DJI_0030.JPG\n",
      "Pose Matrix:\n",
      "[[-0.99703146  0.07115686  0.0294104  15.94008445]\n",
      " [ 0.0296919   0.70776481 -0.70582389  3.00870211]\n",
      " [-0.07103986 -0.70285537 -0.70777656 -9.70538566]\n",
      " [ 0.          0.          0.          1.        ]]\n",
      "Photo ID: 86\n",
      "Image Path: DJI_0031 (2).JPG\n",
      "Pose Matrix:\n",
      "[[ 4.51850978e-01 -8.91880730e-01 -1.94796481e-02  1.61186415e+02]\n",
      " [-6.37920863e-01 -3.07769775e-01 -7.05928281e-01  9.03232371e+01]\n",
      " [ 6.23608584e-01  3.31400858e-01 -7.08015399e-01 -1.57772904e+01]\n",
      " [ 0.00000000e+00  0.00000000e+00  0.00000000e+00  1.00000000e+00]]\n",
      "Photo ID: 87\n",
      "Image Path: DJI_0031 (3).JPG\n",
      "Pose Matrix:\n",
      "[[-9.98658624e-01  8.31472468e-03  5.11059517e-02 -7.00957508e+01]\n",
      " [-3.11674337e-02  6.91641378e-01 -7.21568289e-01 -5.18397111e+01]\n",
      " [-4.13466325e-02 -7.22193236e-01 -6.90454478e-01 -1.67427399e+01]\n",
      " [ 0.00000000e+00  0.00000000e+00  0.00000000e+00  1.00000000e+00]]\n",
      "Photo ID: 88\n",
      "Image Path: DJI_0031.JPG\n",
      "Pose Matrix:\n",
      "[[ -0.99608458   0.08066918   0.0361662   14.6522847 ]\n",
      " [  0.03103893   0.70217099  -0.71133148 -12.24868675]\n",
      " [ -0.08277738  -0.70742376  -0.70192558  -9.75634812]\n",
      " [  0.           0.           0.           1.        ]]\n",
      "Photo ID: 89\n",
      "Image Path: DJI_0032 (2).JPG\n",
      "Pose Matrix:\n",
      "[[ 4.58031484e-01 -8.88697540e-01 -2.05874174e-02  1.70862125e+02]\n",
